0,0,-10,3.86
50,0,-10,4.86
100,0,-10,5.98
150,0,-10,7.16
200,0,-10,8.32
250,0,-10,9.4
300,0,-10,10.41
350,0,-10,11.4
400,0,-10,12.51
450,0,-10,13.79
500,0,-10,15.15
550,0,-10,16.27
600,0,-10,16.62
650,0,-10,15.67
700,0,-10,13.28
750,0,-10,9.88
800,0,-10,6.35
850,0,-10,3.4
900,0,-10,1.31
950,0,-10,0
1000,0,-10,-0.75
0,50,-10,4.46
50,50,-10,5.8
100,50,-10,7.35
150,50,-10,8.99
200,50,-10,10.6
250,50,-10,12.02
300,50,-10,13.22
350,50,-10,14.33
400,50,-10,15.65
450,50,-10,17.45
500,50,-10,19.75
550,50,-10,22.13
600,50,-10,23.63
650,50,-10,23.02
700,50,-10,19.56
750,50,-10,13.99
800,50,-10,8.23
850,50,-10,3.77
900,50,-10,0.95
950,50,-10,-0.61
1000,50,-10,-1.36
0,100,-10,5.1
50,100,-10,6.91
100,100,-10,9.08
150,100,-10,11.46
200,100,-10,13.78
250,100,-10,15.7
300,100,-10,17.03
350,100,-10,17.98
400,100,-10,19.17
450,100,-10,21.29
500,100,-10,24.72
550,100,-10,29.09
600,100,-10,33
650,100,-10,33.82
700,100,-10,29.1
750,100,-10,19.8
800,100,-10,10.26
850,100,-10,3.63
900,100,-10,0.05
950,100,-10,-1.59
1000,100,-10,-2.21
0,150,-10,5.73
50,150,-10,8.14
100,150,-10,11.21
150,150,-10,14.77
200,150,-10,18.33
250,150,-10,21.1
300,150,-10,22.45
350,150,-10,22.61
400,150,-10,22.78
450,150,-10,24.46
500,150,-10,28.61
550,150,-10,35.24
600,150,-10,42.82
650,150,-10,46.9
700,150,-10,41.16
750,150,-10,26.19
800,150,-10,11.24
850,150,-10,2.29
900,150,-10,-1.65
950,150,-10,-3.01
1000,150,-10,-3.28
0,200,-10,6.21
50,200,-10,9.36
100,200,-10,13.65
150,200,-10,19.05
200,200,-10,24.81
250,200,-10,29.24
300,200,-10,30.55
350,200,-10,28.75
400,200,-10,26.2
450,200,-10,25.82
500,200,-10,29.28
550,200,-10,36.88
600,200,-10,47.25
650,200,-10,54.6
700,200,-10,48.15
750,200,-10,27.86
800,200,-10,8.72
850,200,-10,-0.96
900,200,-10,-4.19
950,200,-10,-4.77
1000,200,-10,-4.47
0,250,-10,6.36
50,250,-10,10.24
100,250,-10,16.01
150,250,-10,24.01
200,250,-10,33.46
250,250,-10,41.2
300,250,-10,42.65
350,250,-10,36.95
400,250,-10,29.07
450,250,-10,24.49
500,250,-10,25.28
550,250,-10,31.25
600,250,-10,40.79
650,250,-10,47.84
700,250,-10,40.66
750,250,-10,19.74
800,250,-10,1.71
850,250,-10,-5.76
900,250,-10,-7.14
950,250,-10,-6.57
1000,250,-10,-5.6
0,300,-10,5.92
50,300,-10,10.34
100,300,-10,17.45
150,300,-10,28.34
200,300,-10,42.85
250,300,-10,56.12
300,300,-10,58.17
350,300,-10,46.14
400,300,-10,30.29
450,300,-10,20.18
500,300,-10,17.24
550,300,-10,19.71
600,300,-10,25.52
650,300,-10,29.73
700,300,-10,22.85
750,300,-10,5.93
800,300,-10,-6.87
850,300,-10,-10.43
900,300,-10,-9.64
950,300,-10,-7.99
1000,300,-10,-6.48
0,350,-10,4.73
50,350,-10,9.19
100,350,-10,16.9
150,350,-10,29.68
200,350,-10,48.34
250,350,-10,66.84
300,350,-10,69.22
350,350,-10,50.5
400,350,-10,27.42
450,350,-10,13.3
500,350,-10,7.67
550,350,-10,6.8
600,350,-10,8.08
650,350,-10,8.45
700,350,-10,2.68
750,350,-10,-7.59
800,350,-10,-13.48
850,350,-10,-13.24
900,350,-10,-10.95
950,350,-10,-8.73
1000,350,-10,-6.99
0,400,-10,2.78
50,400,-10,6.67
100,400,-10,13.83
150,400,-10,26.37
200,400,-10,45.53
250,400,-10,64.8
300,400,-10,66.06
350,400,-10,44.42
400,400,-10,19.6
450,400,-10,5.47
500,400,-10,-0.09
550,400,-10,-2.05
600,400,-10,-3.51
650,400,-10,-6.14
700,400,-10,-10.59
750,400,-10,-14.59
800,400,-10,-15.21
850,400,-10,-13.24
900,400,-10,-10.83
950,400,-10,-8.77
1000,400,-10,-7.15
0,450,-10,0.27
50,450,-10,3.05
100,450,-10,8.66
150,450,-10,19.19
200,450,-10,36
250,450,-10,53.03
300,450,-10,53.05
350,450,-10,32.1
400,450,-10,9.83
450,450,-10,-1.08
500,450,-10,-3.72
550,450,-10,-3.38
600,450,-10,-3.3
650,450,-10,-4.92
700,450,-10,-7.87
750,450,-10,-10.44
800,450,-10,-11.38
850,450,-10,-10.92
900,450,-10,-9.78
950,450,-10,-8.42
1000,450,-10,-7.1
0,500,-10,-2.46
50,500,-10,-1.08
100,500,-10,2.4
150,500,-10,9.93
200,500,-10,23.16
250,500,-10,37.2
300,500,-10,36.61
350,500,-10,18.2
400,500,-10,0.43
450,500,-10,-5.57
500,500,-10,-3.49
550,500,-10,1.6
600,500,-10,6.51
650,500,-10,8.64
700,500,-10,6.19
750,500,-10,0.33
800,500,-10,-5.23
850,500,-10,-8.16
900,500,-10,-8.75
950,500,-10,-8.13
1000,500,-10,-7.08
0,550,-10,-4.98
50,550,-10,-5.05
100,550,-10,-3.92
150,550,-10,-0.02
200,550,-10,8.45
250,550,-10,18.3
300,550,-10,17.2
350,550,-10,2.97
400,550,-10,-8.55
450,550,-10,-8.83
500,550,-10,-1.79
550,550,-10,8.45
600,550,-10,19.19
650,550,-10,26.11
700,550,-10,23.29
750,550,-10,11.39
800,550,-10,-0.55
850,550,-10,-6.84
900,550,-10,-8.59
950,550,-10,-8.24
1000,550,-10,-7.21
0,600,-10,-6.93
50,600,-10,-8.22
100,600,-10,-9.24
150,600,-10,-9.13
200,600,-10,-6.58
250,600,-10,-2.93
300,600,-10,-5.05
350,600,-10,-13.14
400,600,-10,-16.77
450,600,-10,-11.74
500,600,-10,-1.38
550,600,-10,11.96
600,600,-10,26.66
650,600,-10,37.43
700,600,-10,33.94
750,600,-10,16.33
800,600,-10,-0.42
850,600,-10,-8.04
900,600,-10,-9.59
950,600,-10,-8.82
1000,600,-10,-7.49
0,650,-10,-8.08
50,650,-10,-10.11
100,650,-10,-12.55
150,650,-10,-15.21
200,650,-10,-17.66
250,650,-10,-19.93
300,650,-10,-22.88
350,650,-10,-24.7
400,650,-10,-21.8
450,650,-10,-14.19
500,650,-10,-3.74
550,650,-10,8.84
600,650,-10,22.89
650,650,-10,33.27
700,650,-10,28.83
750,650,-10,10.29
800,650,-10,-5.66
850,650,-10,-11.35
900,650,-10,-11.3
950,650,-10,-9.59
1000,650,-10,-7.78
0,700,-10,-8.39
50,700,-10,-10.6
100,700,-10,-13.44
150,700,-10,-16.93
200,700,-10,-20.92
250,700,-10,-24.76
300,700,-10,-27.05
350,700,-10,-26.2
400,700,-10,-22.05
450,700,-10,-15.81
500,700,-10,-8.39
550,700,-10,0.19
600,700,-10,9.79
650,700,-10,16.77
700,700,-10,12.28
750,700,-10,-2.41
800,700,-10,-13.17
850,700,-10,-14.99
900,700,-10,-12.81
950,700,-10,-10.11
1000,700,-10,-7.87
0,750,-10,-8.01
50,750,-10,-10
100,750,-10,-12.48
150,750,-10,-15.42
200,750,-10,-18.59
250,750,-10,-21.33
300,750,-10,-22.67
350,750,-10,-22.03
400,750,-10,-19.77
450,750,-10,-16.72
500,750,-10,-13.45
550,750,-10,-10.06
600,750,-10,-6.45
650,750,-10,-4.2
700,750,-10,-7.87
750,750,-10,-15.78
800,750,-10,-19.34
850,750,-10,-17.11
900,750,-10,-13.28
950,750,-10,-10.01
1000,750,-10,-7.6
0,800,-10,-7.22
50,800,-10,-8.8
100,800,-10,-10.67
150,800,-10,-12.75
200,800,-10,-14.81
250,800,-10,-16.5
300,800,-10,-17.45
350,800,-10,-17.56
400,800,-10,-17.16
450,800,-10,-16.74
500,800,-10,-16.72
550,800,-10,-17.34
600,800,-10,-18.6
650,800,-10,-20.45
700,800,-10,-22.87
750,800,-10,-23.86
800,800,-10,-21.3
850,800,-10,-16.67
900,800,-10,-12.39
950,800,-10,-9.19
1000,800,-10,-6.94
0,850,-10,-6.26
50,850,-10,-7.44
100,850,-10,-8.75
150,850,-10,-10.14
200,850,-10,-11.46
250,850,-10,-12.58
300,850,-10,-13.41
350,850,-10,-14.01
400,850,-10,-14.62
450,850,-10,-15.52
500,850,-10,-16.95
550,850,-10,-19.05
600,850,-10,-21.63
650,850,-10,-23.93
700,850,-10,-24.56
750,850,-10,-22.47
800,850,-10,-18.36
850,850,-10,-13.99
900,850,-10,-10.44
950,850,-10,-7.84
1000,850,-10,-6
0,900,-10,-5.31
50,900,-10,-6.15
100,900,-10,-7.06
150,900,-10,-7.99
200,900,-10,-8.88
250,900,-10,-9.68
300,900,-10,-10.42
350,900,-10,-11.17
400,900,-10,-12.06
450,900,-10,-13.23
500,900,-10,-14.74
550,900,-10,-16.5
600,900,-10,-18.19
650,900,-10,-19.14
700,900,-10,-18.62
750,900,-10,-16.5
800,900,-10,-13.51
850,900,-10,-10.56
900,900,-10,-8.14
950,900,-10,-6.3
1000,900,-10,-4.94
0,950,-10,-4.44
50,950,-10,-5.04
100,950,-10,-5.67
150,950,-10,-6.3
200,950,-10,-6.92
250,950,-10,-7.52
300,950,-10,-8.13
350,950,-10,-8.8
400,950,-10,-9.6
450,950,-10,-10.54
500,950,-10,-11.59
550,950,-10,-12.6
600,950,-10,-13.3
650,950,-10,-13.36
700,950,-10,-12.6
750,950,-10,-11.12
800,950,-10,-9.31
850,950,-10,-7.56
900,950,-10,-6.06
950,950,-10,-4.86
1000,950,-10,-3.93
0,1000,-10,-3.69
50,1000,-10,-4.12
100,1000,-10,-4.56
150,1000,-10,-4.99
200,1000,-10,-5.43
250,1000,-10,-5.87
300,1000,-10,-6.33
350,1000,-10,-6.84
400,1000,-10,-7.4
450,1000,-10,-8.02
500,1000,-10,-8.6
550,1000,-10,-9.05
600,1000,-10,-9.22
650,1000,-10,-8.99
700,1000,-10,-8.34
750,1000,-10,-7.39
800,1000,-10,-6.33
850,1000,-10,-5.31
900,1000,-10,-4.41
950,1000,-10,-3.66
1000,1000,-10,-3.04
